Illuminance	CLA	Melatonin Suppr. Mean	Melatonin Suppr. SD	CS	Pupil Diameter [mm]	Relative Pupil Area	Retinal Illuminance
3000K
8	5.096	-0.058327	0.32319	0.0064277	7.01	1	8
22	13.617	-0.12966	0.44111	0.018663	6.91	0.97167	21.377
60	32.76	0.04826	0.261	0.047081	6.49	0.85714	51.429
60	29.417	-0.10937	0.38478	0.04213	6.15	0.76969	46.181
200	59.484	0.16275	0.21147	0.085532	4.79	0.46691	93.382
720	150.08	0.36761	0.22786	0.19501	4.01	0.32723	235.61
6400K
115	53.889	0.11637	0.15735	0.077686	5	0.50875	58.506
300	68.169	0.20974	0.3066	0.097469	3.48	0.24645	73.934
720	126.19	0.43876	0.2522	0.16928	3.05	0.18931	136.3
