Wavelength [nm]	Energy of one photon [J]	Photon density	Irradiance [W/m2] * V	Irradiance [W/m2] * V'	Irradiance [W/m2] * M(l)	Irradiance [W/m2] * ipRGC(l)
380	5.22748864018238E-019	726.9264959832	1444	0.0001482	0.0022382	0.792145045
381	5.21376819755723E-019	730.7574590265	1451.61	0.0001631686	0.00253365	0.8319902209
382	5.20011958971022E-019	734.5984903037	1459.24	0.0001792138	0.00287264	0.8731196811
383	5.18654225396685E-019	738.449589815	1466.89	0.0001975882	0.00327082	0.9155330755
384	5.17303563351381E-019	742.3107575603	1474.56	0.0002195574	0.00373248	0.9592275417
385	5.15959917732287E-019	746.1819935396	1482.25	0.0002464	0.0042658	1.0041976303
386	5.14623234007591E-019	750.0632977529	1489.96	0.0002792487	0.00489448	1.0504352379
387	5.13293458209122E-019	753.9546702002	1497.69	0.0003181614	0.00562311	1.0979295457
388	5.11970536925078E-019	757.8561108816	1505.44	0.0003628117	0.00647184	1.1466669658
389	5.1065441729288E-019	761.767619797	1513.21	0.0004128694	0.00746102	1.196631095
390	5.09345046992129E-019	765.6891969463	1521	0.000468	0.0086151	1.2478026763
391	5.08042374237673E-019	769.6208423297	1528.81	0.0005277874	0.00995877	1.3001595683
392	5.06746347772781E-019	773.5625559472	1536.64	0.0005938486	0.01152088	1.3536767236
393	5.05456916862418E-019	777.5143377986	1544.49	0.0006689174	0.01333842	1.4083261753
394	5.04174031286625E-019	781.476187884	1552.36	0.000755755	0.01544874	1.4640770325
395	5.02897641334001E-019	785.4481062035	1560.25	0.00085715	0.0178935	1.5208954852
396	5.01627697795279E-019	789.430092757	1568.16	0.0009777505	0.0207504	1.5787448181
397	5.00364151957003E-019	793.4221475445	1576.09	0.0011165228	0.0240185	1.6375854332
398	4.99106955595302E-019	797.424270566	1584.04	0.0012677096	0.0277804	1.697374883
399	4.9785606096975E-019	801.4364618215	1592.01	0.0014254941	0.0321594	1.7580679116
400	4.96611420817326E-019	805.4587213111	1600	0.001584	0.03716	1.8196165059
401	4.9537298834646E-019	809.4910490346	1608.01	0.0017391959	0.042907	1.8819699565
402	4.9414071723117E-019	813.5334449922	1616.04	0.0019015565	0.0494862	1.9450749264
403	4.92914561605286E-019	817.5859091838	1624.09	0.0020870403	0.0569439	2.0088755303
404	4.91694476056758E-019	821.6484416094	1632.16	0.0023117635	0.0654076	2.0733134216
405	4.9048041562205E-019	825.7210422691	1640.25	0.002592	0.075006	2.1383278885
406	4.89272335780616E-019	829.8037111627	1648.36	0.0029417136	0.0857878	2.2038559584
407	4.8807019244946E-019	833.8964482904	1656.49	0.003359785	0.0978835	2.2698325105
408	4.8687394197777E-019	837.999253652	1664.64	0.0038399328	0.111384	2.3361903955
409	4.85683541141639E-019	842.1121272477	1672.81	0.0043758092	0.1263401	2.4028605638
410	4.84498947138854E-019	846.2350690775	1681	0.004961	0.142844	2.4697721997
411	4.83320117583772E-019	850.3680791412	1689.21	0.005598194	0.1609476	2.5368528623
412	4.82147010502258E-019	854.5111574389	1697.44	0.0063066982	0.180868	2.6040286332
413	4.80979584326708E-019	858.6643039707	1705.69	0.0071051198	0.20237	2.6712242688
414	4.79817797891136E-019	862.8275187365	1713.96	0.0080122372	0.22563	2.7383633585
415	4.78661610426338E-019	867.0008017363	1722.25	0.009047	0.25066	2.805368487
416	4.77510981555121E-019	871.1841529701	1730.56	0.010211968	0.277888	2.872161401
417	4.76365871287603E-019	875.3775724379	1738.89	0.01152588	0.306912	2.9386631792
418	4.7522624001658E-019	879.5810601397	1747.24	0.013032404	0.337744	3.0047944048
419	4.7409204851296E-019	883.7946160756	1755.61	0.014775616	0.370815	3.0704753413
420	4.72963257921263E-019	888.0182402455	1764	0.0168	0.40572	3.1356261093
421	4.71839829755179E-019	892.2519326494	1772.41	0.0191396704	0.442892	3.2001668642
422	4.707217258932E-019	896.4956932873	1780.84	0.0217723304	0.481502	3.2640179754
423	4.69608908574303E-019	900.7495221592	1789.29	0.0246578544	0.522405	3.327100204
424	4.68501340393703E-019	905.0134192651	1797.76	0.0277557184	0.565616	3.3893348816
425	4.6739898429866E-019	909.2873846051	1806.25	0.031025	0.6103	3.4506440863
426	4.66301803584343E-019	913.5714181791	1814.76	0.0344485198	0.656466	3.5109508173
427	4.65209761889766E-019	917.865519987	1823.29	0.0380402344	0.704977	3.5701791676
428	4.64122823193762E-019	922.1696900291	1831.84	0.0418056704	0.754992	3.6282544932
429	4.63040951811026E-019	926.4839283051	1840.41	0.0457504047	0.806091	3.6851035786
430	4.6196411238821E-019	930.8082348151	1849	0.04988	0.85914	3.7406547989
431	4.6089226990007E-019	935.1426095592	1857.61	0.0541903627	0.913289	3.7948382764
432	4.59825389645672E-019	939.4870525372	1866.24	0.0586773504	0.968976	3.8475860334
433	4.58763437244643E-019	943.8415637493	1874.89	0.0633465144	1.025777	3.898832138
434	4.5770637863348E-019	948.2061431954	1883.56	0.0682034906	1.083264	3.9485128453
435	4.56654180061909E-019	952.5807908756	1892.25	0.073254	1.141875	3.9965667312
436	4.5560680808929E-019	956.9655067897	1900.96	0.0785120896	1.20118	4.0429348201
437	4.54564229581076E-019	961.3602909378	1909.69	0.0839672776	1.261182	4.0875607053
438	4.5352641170532E-019	965.76514332	1918.44	0.0895881696	1.321446	4.1303906617
439	4.52493321929226E-019	970.1800639362	1927.21	0.0953430736	1.382411	4.1713737512
440	4.51464928015751E-019	974.6050527864	1936	0.1012	1.44364	4.2104619201
441	4.5044119802025E-019	979.0401098706	1944.81	0.1071392301	1.504692	4.2476100878
442	4.49422100287173E-019	983.4852351889	1953.64	0.1131972608	1.566006	4.2827762276
443	4.48407603446795E-019	987.9404287411	1962.49	0.1194264651	1.627139	4.315921439
444	4.47397676412005E-019	992.4056905274	1971.36	0.12587955	1.688532	4.3470100108
445	4.46392288375124E-019	996.8810205477	1980.25	0.13261	1.749295	4.3760094761
446	4.45391408804776E-019	1001.366418802	1989.16	0.1396463018	1.81076	4.4028906576
447	4.44395007442797E-019	1005.8618852903	1998.09	0.1469900496	1.86846	4.4276277052
448	4.43403054301184E-019	1010.3674200126	2007.04	0.1546546176	1.93088	4.4501981237
449	4.42415519659088E-019	1014.883022969	2016.01	0.1626534379	1.98907	4.4705827922
450	4.41432374059845E-019	1019.4086941593	2025	0.171	2.0475	4.4887659747
451	4.40453588308049E-019	1023.9444335837	2034.01	0.1797084817	2.10617	4.504735322
452	4.3947913346666E-019	1028.4902412421	2043.04	0.18879136	2.16508	4.518481865
453	4.38508980854151E-019	1033.0461171345	2052.09	0.19825998	2.2197	4.53
454	4.37543102041697E-019	1037.612061261	2061.16	0.2081257218	2.27908	4.5392874653
455	4.36581468850396E-019	1042.1880736214	2070.25	0.2184	2.33415	4.54634531
456	4.35624053348531E-019	1046.7741542159	2079.36	0.2291111808	2.38944	4.5511778556
457	4.34670827848863E-019	1051.3703030444	2088.49	0.2402587928	2.44495	4.5537926491
458	4.33721764905961E-019	1055.9765201069	2097.64	0.2518109648	2.50068	4.5542004096
459	4.32776837313574E-019	1060.5928054034	2106.81	0.2637355248	2.55663	4.552414968
460	4.31836018102022E-019	1065.2191589339	2116	0.276	2.6082	4.5484531996
461	4.30899280535641E-019	1069.8555806985	2125.21	0.2885950817	2.66458	4.5423349507
462	4.29966598110239E-019	1074.502070697	2134.44	0.3015821424	2.71656	4.5340829593
463	4.29037944550605E-019	1079.1586289296	2143.69	0.3150348304	2.77337	4.52372277
464	4.28113293808039E-019	1083.8252553962	2152.96	0.3290274576	2.8304	4.5112826441
465	4.27192620057915E-019	1088.5019500968	2162.25	0.343635	2.883	4.4967934638
466	4.26275897697275E-019	1093.1887130314	2171.56	0.35889456	2.94046	4.4802886334
467	4.25363101342463E-019	1097.8855442001	2180.89	0.374844088	2.99814	4.461803975
468	4.24454205826774E-019	1102.5924436027	2190.24	0.391560624	3.05604	4.4413776215
469	4.23549186198146E-019	1107.3094112394	2199.61	0.409121832	3.11416	4.4190499052
470	4.22648017716873E-019	1112.0364471101	2209	0.427606	3.1772	4.394863245
471	4.21750675853355E-019	1116.7735512148	2218.41	0.4470616605	3.23577	4.3688620295
472	4.20857136285869E-019	1121.5207235536	2227.84	0.4674963648	3.29928	4.3410924985
473	4.19967374898373E-019	1126.2779641263	2237.29	0.488927802	3.3583	4.3116026236
474	4.19081367778334E-019	1131.0452729331	2246.76	0.511373004	3.42228	4.2804419857
475	4.1819909121459E-019	1135.8226499738	2256.25	0.53485	3.4865	4.2476616529
476	4.17320521695232E-019	1140.6100952486	2265.76	0.55945232	3.5462	4.2133140574
477	4.16445635905514E-019	1145.4076087574	2275.29	0.585156888	3.61089	4.1774528715
478	4.15574410725796E-019	1150.2151905003	2284.84	0.611805584	3.67582	4.1401328843
479	4.147068232295E-019	1155.0328404771	2294.41	0.639238912	3.74099	4.101409879
480	4.13842850681105E-019	1159.860558688	2304	0.667296	3.8064	4.0613405098
481	4.12982470534159E-019	1164.6983451328	2313.61	0.695893484	3.87205	4.0199821812
482	4.12125660429316E-019	1169.5461998117	2323.24	0.725262026	3.93794	3.9773929276
483	4.11272398192402E-019	1174.4041227246	2332.89	0.755710977	3.99924	3.9336312952
484	4.10422661832501E-019	1179.2721138716	2342.56	0.787553668	4.0656	3.8887562253
485	4.09576429540062E-019	1184.1501732525	2352.25	0.821105	4.12735	3.84282694
486	4.08733679685042E-019	1189.0383008675	2361.96	0.856541466	4.18932	3.7959028306
487	4.07894390815052E-019	1193.9364967164	2371.69	0.893927947	4.25151	3.7480433479
488	4.07058541653546E-019	1198.8447607994	2381.44	0.93341468	4.31392	3.6993078959
489	4.06226111098017E-019	1203.7630931164	2391.21	0.97515402	4.37166	3.6497557285
490	4.05397078218225E-019	1208.6914936674	2401	1.019298	4.4296	3.5994458492
491	4.0457142225444E-019	1213.6299624525	2410.81	1.066058709	4.48774	3.5484369144
492	4.03749122615712E-019	1218.5784994715	2420.64	1.11553374	4.54116	3.4967871399
493	4.02930158878155E-019	1223.5371047246	2430.49	1.167705503	4.59476	3.4445542116
494	4.0211451078326E-019	1228.5057782117	2440.36	1.222557128	4.64854	3.3917951996
495	4.01302158236223E-019	1233.4845199328	2450.25	1.28007	4.69755	3.3385664761
496	4.00493081304295E-019	1238.4733298879	2460.16	1.340117104	4.74672	3.2849236377
497	3.99687260215151E-019	1243.4722080771	2470.09	1.403000683	4.79108	3.2309214311
498	3.98884675355282E-019	1248.4811545002	2480.04	1.46935149	4.8306	3.1766136839
499	3.98085307268397E-019	1253.5001691574	2490.01	1.53980422	4.87024	3.1220532383
500	3.9728913665386E-019	1258.5292520486	2500	1.615	4.91	3.0672918896
501	3.9649614436513E-019	1263.5684031738	2510.01	1.695394521	4.93986	3.0123803295
502	3.95706311408228E-019	1268.617622533	2520.04	1.780522716	4.9698	2.9573680922
503	3.94919618940219E-019	1273.6769101262	2530.09	1.869643958	4.99982	2.9023035058
504	3.94136048267719E-019	1278.7462659535	2540.16	1.962009	5.02488	2.8472336471
505	3.93355580845406E-019	1283.8256900147	2550.25	2.056865	5.0399	2.7922043015
506	3.92578198274566E-019	1288.91518231	2560.36	2.153687294	5.06	2.7372599255
507	3.91803882301638E-019	1294.0147428393	2570.49	2.252649672	5.07	2.6824436148
508	3.91032614816792E-019	1299.1243716026	2580.64	2.354043552	5.08	2.6277970747
509	3.90264377852515E-019	1304.2440686	2590.81	2.458162055	5.07982	2.5733605961
510	3.89499153582216E-019	1309.3738338313	2601	2.5653	5.0847	2.5191730338
511	3.88736924318846E-019	1314.5136672967	2611.21	2.675439123	5.07934	2.4652717896
512	3.87977672513536E-019	1319.6635689961	2621.44	2.78790144	5.0688	2.4116927978
513	3.8722138075425E-019	1324.8235389295	2631.69	2.9019897	5.05818	2.3584705157
514	3.86468031764456E-019	1329.9935770969	2641.96	3.017001642	5.04234	2.305637916
515	3.85717608401806E-019	1335.1736834983	2652.25	3.13223	5.02125	2.2532264836
516	3.84970093656842E-019	1340.3638581338	2662.56	3.247423296	4.99488	2.201266215
517	3.84225470651703E-019	1345.5641010032	2672.89	3.362086156	4.96837	2.1497856206
518	3.83483722638862E-019	1350.7744121067	2683.24	3.475133536	4.93654	2.0988117304
519	3.82744832999866E-019	1355.9947914442	2693.61	3.585472056	4.89936	2.0483701019
520	3.82008785244097E-019	1361.2252390157	2704	3.692	4.862	1.9984848311
521	3.81275563007544E-019	1366.4657548213	2714.41	3.793844892	4.81925	1.9491785662
522	3.80545150051591E-019	1371.7163388608	2724.84	3.891319992	4.7763	1.9004725223
523	3.79817530261817E-019	1376.9769911344	2735.29	3.985099962	4.72792	1.8523865006
524	3.79092687646814E-019	1382.2477116419	2745.76	4.075864832	4.67408	1.8049389073
525	3.7837060633701E-019	1387.5285003835	2756.25	4.1643	4.62	1.7581467765
526	3.77651270583518E-019	1392.8193573592	2766.76	4.250660704	4.56042	1.7120257934
527	3.76934664756983E-019	1398.1202825688	2777.29	4.334554974	4.50058	1.66659032
528	3.76220773346459E-019	1403.4312760124	2787.84	4.415699904	4.4352	1.6218534227
529	3.7550958095828E-019	1408.7523376901	2798.41	4.493810564	4.36954	1.5778268998
530	3.74801072314963E-019	1414.0834676018	2809	4.5686	4.2983	1.5345213125
531	3.74095232254106E-019	1419.4246657475	2819.61	4.639935348	4.22676	1.4919460148
532	3.73392045727313E-019	1424.7759321272	2830.24	4.707999968	4.15492	1.4501091865
533	3.72691497799119E-019	1430.1372667409	2840.89	4.772980888	4.07745	1.4090178657
534	3.71993573645937E-019	1435.5086695886	2851.56	4.835066688	3.99966	1.3686779824
535	3.7129825855501E-019	1440.8901406704	2862.25	4.894448035	3.92155	1.3290943937
536	3.70605537923377E-019	1446.2816799862	2872.96	4.951218528	3.84312	1.2902709183
537	3.69915397256853E-019	1451.683287536	2883.69	5.005336188	3.759	1.2522103725
538	3.69227822169015E-019	1457.0949633198	2894.44	5.056783588	3.67454	1.2149146057
539	3.68542798380205E-019	1462.5167073376	2905.21	5.105543828	3.59513	1.1783845372
540	3.67860311716538E-019	1467.9485195894	2916	5.1516	3.51	1.1426201922
541	3.67180348108928E-019	1473.3904000753	2926.81	5.194985501	3.42453	1.1076207386
542	3.66502893592122E-019	1478.8423487952	2937.64	5.235760108	3.33872	1.0733845233
543	3.65827934303739E-019	1484.3043657491	2948.49	5.273945058	3.25257	1.0399091091
544	3.65155456483328E-019	1489.776450937	2959.36	5.3095624	3.16064	1.0071913105
545	3.64485446471432E-019	1495.2586043589	2970.25	5.342635	3.0738	0.9752272301
546	3.63817890708663E-019	1500.7508260148	2981.16	5.373144504	2.99208	0.9440122942
547	3.6315277573479E-019	1506.2531159048	2992.09	5.401177554	2.90457	0.9135412885
548	3.62490088187829E-019	1511.7654740288	3003.04	5.426914144	2.81672	0.883808393
549	3.61829814803152E-019	1517.2879003868	3014.01	5.450535684	2.72853	0.8548072163
550	3.611719424126E-019	1522.8203949788	3025	5.47222555	2.6455	0.8265308298
551	3.60516457943612E-019	1528.3629578048	3036.01	5.491876508	2.56215	0.7989718012
552	3.59863348418352E-019	1533.9155888648	3047.04	5.509502616	2.47296	0.7721222272
553	3.59212600952858E-019	1539.4782881589	3058.09	5.52508936	2.39449	0.7459737655
554	3.58564202756192E-019	1545.0510556869	3069.16	5.538605028	2.31018	0.7205176663
555	3.57918141129604E-019	1550.633891449	3080.25	5.55	2.2311	0.695744803
556	3.57274403465702E-019	1556.2267954451	3091.36	5.559203252	2.148384	0.671645702
557	3.56632977247631E-019	1561.8297676753	3102.49	5.566126622	2.069255	0.6482105722
558	3.55993850048262E-019	1567.4428081394	3113.64	5.57065629	1.991502	0.6254293327
559	3.55357009529392E-019	1573.0659168375	3124.81	5.572663733	1.915693	0.6032916405
560	3.54722443440947E-019	1578.6990937697	3136	5.572	1.84128	0.5817869174
561	3.54090139620197E-019	1584.3423389359	3147.21	5.568488805	1.767711	0.5609043754
562	3.53460085990979E-019	1589.9956523361	3158.44	5.562353412	1.696116	0.5406330415
563	3.52832270562931E-019	1595.6590339703	3169.69	5.553681972	1.625944	0.5209617819
564	3.52206681430727E-019	1601.3324838386	3180.96	5.542563924	1.557768	0.5018793251
565	3.51583306773328E-019	1607.0160019408	3192.25	5.52909	1.491035	0.4833742838
566	3.50962134853234E-019	1612.7095882771	3203.56	5.513313742	1.425754	0.4654351765
567	3.5034315401575E-019	1618.4132428474	3214.89	5.495200704	1.362501	0.4480504477
568	3.49726352688258E-019	1624.1269656517	3226.24	5.474706624	1.301288	0.4312084876
569	3.49111719379491E-019	1629.85075669	3237.61	5.451787581	1.241558	0.4148976504
570	3.48499242678825E-019	1635.5846159623	3249	5.4264	1.18332	0.3991062725
571	3.4788891125557E-019	1641.3285434687	3260.41	5.398521784	1.127154	0.3838226891
572	3.4728071385827E-019	1647.082539209	3271.84	5.368215424	1.073072	0.3690352502
573	3.46674639314014E-019	1652.8466031834	3283.29	5.335562844	1.021086	0.3547323361
574	3.46070676527753E-019	1658.6207353918	3294.76	5.300646624	0.97006	0.3409023712
575	3.45468814481618E-019	1664.4049358342	3306.25	5.26355	0.92115	0.3275338383
576	3.44869042234254E-019	1670.1992045107	3317.76	5.224356864	0.873792	0.3146152908
577	3.44271348920156E-019	1676.0035414211	3329.29	5.183059444	0.828572	0.3021353648
578	3.43675723749014E-019	1681.8179465656	3340.84	5.139603744	0.784924	0.2900827904
579	3.43082156005061E-019	1687.642419944	3352.41	5.093935464	0.743436	0.2784464022
580	3.42490635046431E-019	1693.4769615565	3364	5.046	0.70296	0.2672151488
581	3.41901150304527E-019	1699.3215714031	3375.61	4.995794153	0.664083	0.2563781023
582	3.41313691283385E-019	1705.1762494836	3387.24	4.94346144	0.627396	0.2459244661
583	3.40728247559057E-019	1711.0409957981	3398.89	4.88916626	0.591745	0.235843583
584	3.4014480877899E-019	1716.9158103467	3410.56	4.833074792	0.558304	0.2261249421
585	3.39563364661419E-019	1722.8006931293	3422.25	4.775355	0.525915	0.2167581854
586	3.38983904994762E-019	1728.6956441459	3433.96	4.716096942	0.49517	0.2077331134
587	3.38406419637019E-019	1734.6006633965	3445.69	4.65539134	0.465491	0.1990396904
588	3.37830898515188E-019	1740.5157508811	3457.44	4.59340896	0.43806	0.1906680496
589	3.37257331624669E-019	1746.4409065998	3469.21	4.530321183	0.411711	0.1826084966
590	3.36685709028695E-019	1752.3761305524	3481	4.4663	0.38645	0.1748515137
591	3.3611602085775E-019	1758.3214227391	3492.81	4.401496731	0.362283	0.1673877627
592	3.35548257309004E-019	1764.2767831598	3504.64	4.335940608	0.339808	0.1602080879
593	3.34982408645751E-019	1770.2422118145	3516.49	4.269621348	0.318441	0.153303518
594	3.34418465196852E-019	1776.2177087032	3528.36	4.20252921	0.298188	0.1466652684
595	3.33856417356185E-019	1782.203273826	3540.25	4.134655	0.279055	0.1402847423
596	3.33296255582098E-019	1788.1989071827	3552.16	4.066026432	0.261048	0.1341535318
597	3.32737970396868E-019	1794.2046087735	3564.09	3.996745452	0.244173	0.1282634187
598	3.32181552386171E-019	1800.2203785983	3576.04	3.926912912	0.2281968	0.122606375
599	3.31626992198548E-019	1806.2462166571	3588.01	3.856630352	0.2131242	0.1171745625
600	3.31074280544884E-019	1812.2821229499	3600	3.786	0.1989	0.111960333
601	3.30523408197887E-019	1818.3280974768	3612.01	3.715114555	0.1855287	0.1069562274
602	3.29974365991579E-019	1824.3841402376	3624.04	3.643992688	0.1730148	0.1021549752
603	3.2942714482078E-019	1830.4502512325	3636.09	3.572627868	0.1612422	0.0975494929
604	3.28881735640613E-019	1836.5264304614	3648.16	3.501012916	0.1502148	0.0931328832
605	3.28338129466E-019	1842.6126779243	3660.25	3.42914	0.139876	0.0888984334
606	3.27796317371172E-019	1848.7089936212	3672.36	3.357004266	0.1301082	0.0848396135
607	3.27256290489177E-019	1854.8153775522	3684.49	3.284702804	0.1210358	0.080950074
608	3.26718040011398E-019	1860.9318297171	3696.64	3.212385024	0.1125408	0.0772236447
609	3.26181557187078E-019	1867.0583501161	3708.81	3.140200707	0.1046262	0.0736543315
610	3.25646833322836E-019	1873.1949387491	3721	3.0683	0.097173	0.0702363146
611	3.2511385978221E-019	1879.3415956161	3733.21	2.996764368	0.0902447	0.0669639456
612	3.2458262798518E-019	1885.4983207171	3745.44	2.925546048	0.0837828	0.0638317452
613	3.24053129407717E-019	1891.6651140521	3757.69	2.854603688	0.0777897	0.0608344004
614	3.2352535558132E-019	1897.8419756212	3769.96	2.783895648	0.072145	0.0579667612
615	3.2299929809257E-019	1904.0289054243	3782.25	2.71338	0.066912	0.0552238385
616	3.22474948582679E-019	1910.2259034614	3794.56	2.6431328	0.0620312	0.0526008001
617	3.21952298747051E-019	1916.4329697325	3806.89	2.57311212	0.0575044	0.0500929687
618	3.21431340334839E-019	1922.6501042376	3819.24	2.50309776	0.0532716	0.0476958179
619	3.20912065148514E-019	1928.8773069767	3831.61	2.43286808	0.0493343	0.0454049695
620	3.20394465043436E-019	1935.1145779499	3844	2.3622	0.045694	0.0432161903
621	3.19878531927424E-019	1941.361917157	3856.41	2.290983264	0.0423522	0.0411253887
622	3.19364257760338E-019	1947.6193245982	3868.84	2.219465184	0.039186	0.0391286114
623	3.1885163455366E-019	1953.8868002734	3881.29	2.147959464	0.0362586	0.0372220406
624	3.18340654370081E-019	1960.1643441826	3893.76	2.076781824	0.0335712	0.0354019901
625	3.17831309323088E-019	1966.4519563259	3906.25	2.00625	0.0310625	0.0336649024
626	3.17323591576566E-019	1972.7496367031	3918.76	1.936456506	0.0287334	0.0320073457
627	3.16817493344386E-019	1979.0573853144	3931.29	1.867522008	0.0265848	0.0304260099
628	3.16313006890016E-019	1985.3752021597	3943.84	1.799807808	0.02457364	0.0289177042
629	3.15810124526121E-019	1991.703087239	3956.41	1.733678105	0.02272577	0.0274793531
630	3.15308838614175E-019	1998.0410405523	3969	1.6695	0.0210105	0.026107994
631	3.14809141564073E-019	2004.3890620996	3981.61	1.607555792	0.01942849	0.0248007734
632	3.1431102583375E-019	2010.747151881	3994.24	1.547702272	0.01796144	0.0235549441
633	3.138144839288E-019	2017.1153098963	4006.89	1.489666752	0.01660359	0.0223678621
634	3.13319508402098E-019	2023.4935361457	4019.56	1.433174752	0.01534914	0.0212369834
635	3.12826091853434E-019	2029.8818306291	4032.25	1.37795	0.01419225	0.0201598613
636	3.12334226929136E-019	2036.2801933465	4044.96	1.323907776	0.01311432	0.0191341429
637	3.11843906321712E-019	2042.688624298	4057.69	1.271125856	0.01212211	0.0181575668
638	3.11355122769483E-019	2049.1071234834	4070.44	1.219570176	0.01120966	0.0172279597
639	3.10867869056229E-019	2055.5356909029	4083.21	1.169206416	0.01035819	0.0163432342
640	3.10382138010829E-019	2061.9743265564	4096	1.12	0.0095808	0.0155013854
641	3.09897922506911E-019	2068.4230304439	4108.81	1.071902635	0.00885862	0.0147004884
642	3.09415215462508E-019	2074.8818025654	4121.64	1.024929888	0.00819192	0.013938696
643	3.08934009839705E-019	2081.3506429209	4134.49	0.979144968	0.00757454	0.0132142357
644	3.08454298644302E-019	2087.8295515104	4147.36	0.934610796	0.00700672	0.0125254072
645	3.07976074925473E-019	2094.318528334	4160.25	0.89139	0.00648225	0.0118705802
646	3.07499331775434E-019	2100.8175733916	4173.16	0.849491938	0.00599488	0.0112481915
647	3.07024062329104E-019	2107.3266866832	4186.09	0.808910456	0.00554479	0.0106567431
648	3.06550259763781E-019	2113.8458682088	4199.04	0.769689216	0.00513216	0.0100947999
649	3.06077917298814E-019	2120.3751179684	4212.01	0.731871459	0.00475068	0.0095609868
650	3.05607028195277E-019	2126.9144359621	4225	0.6955	0.0044005	0.0090539874
651	3.05137585755653E-019	2133.4638221897	4238.01	0.660610062	0.00407526	0.0085725413
652	3.04669583323513E-019	2140.0232766514	4251.04	0.6271499328	0.00377508	0.008115442
653	3.04203014283201E-019	2146.5927993471	4264.09	0.5950329288	0.00350008	0.0076815353
654	3.03737872059526E-019	2153.1723902768	4277.16	0.564172119	0.00324384	0.0072697171
655	3.03274150117451E-019	2159.7620494405	4290.25	0.53448	0.00300645	0.0068789312
656	3.02811841961784E-019	2166.3617768383	4303.36	0.5059113984	0.002788	0.0065081682
657	3.0235094113688E-019	2172.97157247	4316.49	0.4784636664	0.002585295	0.0061564629
658	3.01891441226338E-019	2179.5914363358	4329.64	0.4521123264	0.00239841	0.005822893
659	3.01433335852701E-019	2186.2213684356	4342.81	0.4268327184	0.002225443	0.0055065775
660	3.00976618677167E-019	2192.8613687694	4356	0.4026	0.00206514	0.0052066748
661	3.00521283399289E-019	2199.5114373372	4369.21	0.3793889481	0.001917561	0.0049223813
662	3.00067323756692E-019	2206.1715741391	4382.44	0.3571823648	0.001780118	0.0046529297
663	2.99614733524782E-019	2212.8417791749	4395.69	0.3359670288	0.001652859	0.0043975878
664	2.99163506516461E-019	2219.5220524448	4408.96	0.315729676	0.001535832	0.0041556568
665	2.9871363658185E-019	2226.2123939487	4422.25	0.296457	0.00142709	0.0039264701
666	2.98265117608003E-019	2232.9128036866	4435.56	0.2781130752	0.001326006	0.0037093919
667	2.97817943518636E-019	2239.6232816585	4448.89	0.2606966832	0.001232616	0.0035038159
668	2.97372108273848E-019	2246.3438278645	4462.24	0.2442464512	0.001146288	0.0033091642
669	2.96927605869851E-019	2253.0744423044	4475.61	0.2288012112	0.001065717	0.0031248859
670	2.96484430338702E-019	2259.8151249784	4489	0.2144	0.0009916	0.002950456
671	2.96042575748033E-019	2266.5658758864	4502.41	0.2010491131	0.000922625	0.0027853745
672	2.95602036200789E-019	2273.3266950284	4515.84	0.1886750208	0.000858144	0.0026291649
673	2.95162805834963E-019	2280.0975824044	4529.29	0.1771965928	0.000798851	0.0024813736
674	2.94724878823339E-019	2286.8785380144	4542.76	0.166532257	0.000744096	0.0023415689
675	2.9428824937323E-019	2293.6695618585	4556.25	0.1566	0.00069255	0.0022093395
676	2.93852911726228E-019	2300.4706539366	4569.76	0.1473732052	0.000644904	0.0020842944
677	2.93418860157947E-019	2307.2818142487	4583.29	0.1387925824	0.000601176	0.0019660613
678	2.92986088977773E-019	2314.1030427948	4596.84	0.1307257224	0.000560028	0.0018542861
679	2.92554592528616E-019	2320.9343395749	4610.41	0.1230394851	0.000522151	0.0017486322
680	2.92124365186662E-019	2327.775704589	4624	0.1156	0.0004862	0.0016487792
681	2.91695401361131E-019	2334.6271378372	4637.61	0.1083048099	0.000453546	0.0015544229
682	2.91267695494033E-019	2341.4886393193	4651.24	0.1011895676	0.00042284	0.0014652738
683	2.90841242059927E-019	2348.3602090355	4664.89	0.0943269444	0.000394774	0.0013810572
684	2.90416035565688E-019	2355.2418469857	4678.56	0.0877898952	0.000367992	0.0013015117
685	2.89992070550263E-019	2362.1335531699	4692.25	0.081652	0.000343185	0.0012263893
686	2.89569341584446E-019	2369.0353275882	4705.96	0.0759286066	0.000320362	0.0011554543
687	2.89147843270641E-019	2375.9471702404	4719.69	0.0705781893	0.000299532	0.0010884831
688	2.88727570242631E-019	2382.8690811267	4733.44	0.0655891797	0.000279328	0.0010252631
689	2.88308517165356E-019	2389.801060247	4747.21	0.0609500217	0.0002610621	0.0009655928
690	2.87890678734682E-019	2396.7431076013	4761	0.056649	0.000243777	0.0009092808
691	2.87474049677178E-019	2403.6952231896	4774.81	0.0526803267	0.0002276845	0.0008561457
692	2.87058624749899E-019	2410.6574070119	4788.64	0.0490311341	0.00021279	0.0008060153
693	2.86644398740159E-019	2417.6296590683	4802.49	0.0456789287	0.000198891	0.0007587262
694	2.86231366465317E-019	2424.6119793586	4816.36	0.0426010859	0.0001859226	0.0007141236
695	2.85819522772562E-019	2431.604367883	4830.25	0.03977485	0.0001738195	0.0006720607
696	2.85408862538693E-019	2438.6068246414	4844.16	0.0371876906	0.0001625856	0.0006323982
697	2.84999380669914E-019	2445.6193496338	4858.09	0.0348206981	0.0001520854	0.0005950043
698	2.84591072101619E-019	2452.6419428603	4872.04	0.0326412999	0.0001422524	0.0005597541
699	2.84183931798184E-019	2459.6746043207	4886.01	0.0306167243	0.0001331595	0.000526529
700	2.83777954752757E-019	2466.7173340152	4900	0.028714	0.0001246	0.000495217
701	2.83373135987062E-019	2473.7701319437	4914.01	0.0269075555	0.0001166464	0.0004657118
702	2.82969470551183E-019	2480.8329981062	4928.04	0.025195475	0.0001092312	0.0004379129
703	2.82566953523372E-019	2487.9059325027	4942.09	0.0235801596	0.0001022162	0.0004117249
704	2.82165580009844E-019	2494.9889351332	4956.16	0.0220640147	0.000095744	0.0003870579
705	2.81765345144582E-019	2502.0820059977	4970.25	0.02064945	8.97465E-005	0.0003638264
706	2.81366244089136E-019	2509.1851450963	4984.36	0.0193312613	8.40846E-005	0.0003419498
707	2.80968272032433E-019	2516.2983524289	4998.49	0.0180983233	7.87598E-005	0.0003213517
708	2.80571424190579E-019	2523.4216279955	5012.64	0.0169441675	7.38444E-005	0.0003019598
709	2.80175695806672E-019	2530.5549717961	5026.81	0.0158622798	6.91984E-005	0.0002837058
710	2.79781082150606E-019	2537.6983838307	5041	0.0148461	0.000064894	0.0002665252
711	2.79387578518889E-019	2544.8518640994	5055.21	0.0138900036	6.08616E-005	0.0002503569
712	2.78995180234453E-019	2552.015412602	5069.44	0.0129910096	5.71024E-005	0.0002351431
713	2.78603882646466E-019	2559.1890293387	5083.69	0.0121465254	5.35463E-005	0.0002208292
714	2.78213681130154E-019	2566.3727143094	5097.96	0.0113539352	5.02656E-005	0.0002073636
715	2.77824571086616E-019	2573.5664675141	5112.25	0.0106106	0.00004719	0.0001946978
716	2.7743654794264E-019	2580.7702889528	5126.56	0.0099129914	4.42488E-005	0.0001827855
717	2.7704960715053E-019	2587.9841786256	5140.89	0.0092583916	0.000041586	0.0001715834
718	2.76663744187925E-019	2595.2081365323	5155.24	0.0086453806	3.90592E-005	0.0001610503
719	2.76278954557622E-019	2602.4421626731	5169.61	0.0080725294	0.000036669	0.0001511476
720	2.75895233787403E-019	2609.6862570479	5184	0.0075384	0.000034416	0.0001418385
721	2.75512577429862E-019	2616.9404196567	5198.41	0.007041211	3.23729E-005	0.0001330886
722	2.7513098106223E-019	2624.2046504995	5212.84	0.0065782055	3.03962E-005	0.0001248652
723	2.74750440286211E-019	2631.4789495764	5227.29	0.006146463	2.856573E-005	0.0001171376
724	2.74370950727804E-019	2638.7633168872	5241.76	0.005743046	2.685316E-005	0.0001098766
725	2.73992508037145E-019	2646.0577524321	5256.25	0.005365	2.52445E-005	0.000103055
726	2.73615107888334E-019	2653.362256211	5270.76	0.0050100004	2.37402E-005	9.66468776931779E-005
727	2.73238745979271E-019	2660.6768282239	5285.29	0.0046768637	2.23189E-005	9.06278456558629E-005
728	2.72863418031498E-019	2668.0014684708	5299.84	0.0043643309	2.099552E-005	8.49749368980996E-005
729	2.72489119790028E-019	2675.3361769518	5314.41	0.0040711348	1.97559E-005	7.96664835008891E-005
730	2.72115847023192E-019	2682.6809536667	5329	0.003796	1.85858E-005	7.46820588908544E-005
731	2.71743595522476E-019	2690.0357986157	5343.61	0.0035374084	1.749283E-005	7.0002409476215E-005
732	2.71372361102364E-019	2697.4007117987	5358.24	0.0032943865	0.00001647	6.5609389865615E-005
733	2.71002139600178E-019	2704.7756932157	5372.89	0.0030664703	0.000015503	6.14859014939238E-005
734	2.70632926875927E-019	2712.1607428667	5387.56	0.0028531931	1.459926E-005	5.76158344869995E-005
735	2.7026471881215E-019	2719.5558607517	5402.25	0.002654085	1.37445E-005	0.000053984
736	2.69897511313764E-019	2726.9610468708	5416.96	0.0024684226	1.294624E-005	5.05761411108207E-005
737	2.69531300307911E-019	2734.3763012239	5431.69	0.0022953157	1.219735E-005	4.73787574181734E-005
738	2.69166081743808E-019	2741.8016238109	5446.44	0.0021340421	1.149066E-005	4.43791843786333E-005
739	2.68801851592598E-019	2749.237014632	5461.21	0.0019838743	1.083374E-005	4.15654860757782E-005
740	2.68438605847203E-019	2756.6824736872	5476	0.00184408	1.02046E-005	3.89264259988378E-005
741	2.68076340522173E-019	2764.1380009763	5490.81	0.0017139471	9.62559E-006	3.64514274751355E-005
742	2.67715051653545E-019	2771.6035964995	5505.64	0.0015929672	9.07466E-006	3.41305362460158E-005
743	2.67354735298695E-019	2779.0792602566	5520.49	0.0014807128	8.55193E-006	3.19543850764309E-005
744	2.66995387536197E-019	2786.5649922478	5535.36	0.0013767534	0.000008065	2.99141602935721E-005
745	2.66637004465678E-019	2794.060792473	5550.25	0.001280655	7.6139E-006	2.80015701549282E-005
746	2.66279582207681E-019	2801.5666609322	5565.16	0.0011919446	7.17652E-006	2.62088149509343E-005
747	2.65923116903521E-019	2809.0825976255	5580.09	0.0011100749	6.77529E-006	2.45285587519479E-005
748	2.65567604715147E-019	2816.6086025527	5595.04	0.001034496	6.3954E-006	2.29539027136694E-005
749	2.65213041825007E-019	2824.144675714	5610.01	0.0009646558	6.03694E-006	2.14783598593073E-005
750	2.64859424435907E-019	2831.6908171093	5625	0.0009	0.0000057	2.00958312607905E-005
751	2.64506748770879E-019	2839.2470267386	5640.01	0.0008400648	5.37716E-006	1.88005835451541E-005
752	2.64155011073046E-019	2846.8133046019	5655.04	0.0007845044	0.000005076	1.75872276558782E-005
753	2.63804207605485E-019	2854.3896506992	5670.09	0.0007329371	4.79661E-006	1.64506988024472E-005
754	2.63454334651101E-019	2861.9760650306	5685.16	0.0006849779	4.53154E-006	1.53862375347289E-005
755	2.6310538851249E-019	2869.5725475959	5700.25	0.00064024	4.28085E-006	1.43893718819484E-005
756	2.62757365511813E-019	2877.1790983953	5715.36	0.0005983488	4.0446E-006	1.34559004990701E-005
757	2.62410261990661E-019	2884.7957174287	5730.49	0.0005591051	3.82285E-006	1.25818767662874E-005
758	2.62064074309934E-019	2892.4224046961	5745.64	0.0005223833	3.61566E-006	1.1763593790082E-005
759	2.6171879884971E-019	2900.0591601975	5760.81	0.0004880573	3.4155E-006	1.09975702569441E-005
760	2.61374432009119E-019	2907.705983933	5776	0.000456	0.00000323	1.02805370933468E-005
761	2.61030970206216E-019	2915.3628759025	5791.21	0.000426022	3.05161E-006	9.60942488795995E-006
762	2.60688409877861E-019	2923.0298361059	5806.44	0.0003979591	0.000002888	8.98135203435753E-006
763	2.60346747479594E-019	2930.7068645434	5821.69	0.0003717214	2.73154E-006	8.39361355464047E-006
764	2.60005979485511E-019	2938.3939612149	5836.96	0.0003472187	2.583848E-006	7.84367056645538E-006
765	2.59666102388144E-019	2946.0911261205	5852.25	0.00032436	2.44494E-006	7.32914035785151E-006
766	2.59327112698342E-019	2953.79835926	5867.56	0.0003030376	2.314086E-006	6.84778703628323E-006
767	2.5898900694515E-019	2961.5156606336	5882.89	0.000283139	2.189785E-006	6.39751271983901E-006
768	2.5865178167569E-019	2969.2430302412	5898.24	0.0002645659	2.072832E-006	5.97634924046585E-006
769	2.58315433455046E-019	2976.9804680828	5913.61	0.0002472194	1.962488E-006	5.58245033056122E-006
770	2.57979958866143E-019	2984.7279741584	5929	0.000231	0.000001858	5.21408426582893E-006
771	2.57645354509637E-019	2992.485548468	5944.41	0.0002158125	1.759422E-006	4.86962693874262E-006
772	2.57311617003796E-019	3000.2531910116	5959.84	0.0002015967	1.666748E-006	4.54755533833774E-006
773	2.56978742984386E-019	3008.0309017893	5975.29	0.0001883047	1.578466E-006	4.2464414133576E-006
774	2.56646729104561E-019	3015.818680801	5990.76	0.0001758885	1.495368E-006	3.96494629701993E-006
775	2.56315572034749E-019	3023.6165280467	6006.25	0.0001643	1.417475E-006	3.7018148728481E-006
776	2.55985268462539E-019	3031.4244435264	6021.76	0.0001534815	1.343256E-006	3.45587066212727E-006
777	2.55655815092574E-019	3039.2424272401	6037.29	0.0001433786	1.272726E-006	0.000003226
778	2.5532720864644E-019	3047.0704791878	6052.84	0.0001339472	1.206678E-006	3.01120258507471E-006
779	2.54999445862555E-019	3054.9085993696	6068.41	0.0001251432	1.143572E-006	2.81047707938371E-006
780	2.54672523496064E-019	3062.7567877854	6084	0.000116922	1.0842E-006	2.6229272544131E-006
